2 0.05 0.8625 0.1 0.275
2 0.225 0.778125 0.1875 0.44375
2 0.478515625 0.7877656249999999 0.34245312500000014 0.1953125
2 0.59765625 0.94765625 0.3015625 0.1046875
2 0.8131562500000001 0.7272187499999999 0.25129687499999986 0.1887968749999999
2 0.975 0.53984375 0.05 0.3421875
2 0.08046875 0.334375 0.1609375 0.346875
1 0.8953125 0.22265625 0.209375 0.2703125
2 0.62734375 0.01953125 0.5640625 0.0390625
2 0.2747343750000001 0.11003125000000002 0.2213593750000001 0.11589062499999998
2 0.8098906249999999 0.8762968750000001 0.171875 0.11198437500000011
2 0.6106718749999999 0.49740625000000005 0.6536406249999999 0.26040625000000006